0 1
0 24
0 30
0 46
0 85
0 144
0 151
0 852
0 2914
0 3921
0 4802
0 4823
1 2
1 6
1 12
1 16
1 32
1 50
1 65
1 96
1 107
1 109
1 138
1 142
1 149
1 161
1 288
1 293
1 346
1 347
1 367
1 369
1 407
1 480
1 495
1 517
1 573
1 679
1 698
1 733
1 767
1 809
1 854
1 1045
1 1065
1 1067
1 1105
1 1163
1 1230
1 1252
1 1312
1 1373
1 1378
1 1385
1 1389
1 1409
1 1454
1 1521
1 1533
1 1633
1 1735
1 1765
1 1775
1 1891
1 1914
1 1974
1 2005
1 2053
1 2067
1 2134
1 2161
1 2181
1 2252
1 2296
1 2336
1 2352
1 2357
1 2360
1 2373
1 2414
1 2457
1 2482
1 2527
1 2644
1 2697
1 2746
1 2751
1 2754
1 2802
1 2883
1 2900
1 2942
1 2966
1 2992
1 3008
1 3106
1 3133
1 3163
1 3187
1 3259
1 3274
1 3283
1 3289
1 3327
1 3362
1 3376
1 3378
1 3408
1 3471
1 3539
1 3574
1 3578
1 3644
1 3671
1 3683
1 3743
1 3778
1 3807
1 3860
1 3877
1 3887
1 3938
1 3941
1 3999
1 4026
1 4112
1 4162
1 4213
1 4261
1 4302
1 4388
1 4440
1 4450
1 4541
1 4576
1 4593
1 4666
1 4680
1 4694
1 4697
1 4724
1 4832
1 4943
1 4947
1 4976
1 4991
2 3
2 4
2 5
2 7
2 14
2 18
2 21
2 25
2 31
2 35
2 40
2 59
2 61
2 62
2 75
2 79
2 87
2 130
2 157
2 177
2 199
2 219
2 225
2 265
2 278
2 284
2 310
2 320
2 427
2 456
2 458
2 513
2 521
2 545
2 546
2 570
2 571
2 640
2 642
2 665
2 682
2 707
2 837
2 870
2 889
2 933
2 1000
2 1010
2 1073
2 1179
2 1187
2 1211
2 1270
2 1308
2 1396
2 1427
2 1440
2 1572
2 1575
2 1576
2 1586
2 1603
2 1604
2 1651
2 1652
2 1655
2 1680
2 1766
2 1769
2 1813
2 1821
2 1863
2 1890
2 1965
2 1979
2 1986
2 2062
2 2064
2 2244
2 2280
2 2284
2 2356
2 2384
2 2405
2 2410
2 2412
2 2435
2 2443
2 2455
2 2543
2 2603
2 2727
2 2812
2 2825
2 2871
2 2889
2 2987
2 2989
2 2997
2 3016
2 3044
2 3045
2 3095
2 3111
2 3157
2 3171
2 3182
2 3234
2 3249
2 3336
2 3368
2 3469
2 3472
2 3504
2 3535
2 3623
2 3657
2 3691
2 3771
2 3773
2 3928
2 4005
2 4063
2 4092
2 4212
2 4226
2 4332
2 4345
2 4381
2 4399
2 4408
2 4411
2 4475
2 4487
2 4498
2 4524
2 4572
2 4628
2 4673
2 4706
2 4733
2 4737
2 4753
2 4767
2 4785
2 4895
2 4896
2 4945
3 8
3 55
3 82
3 83
3 88
3 131
3 279
3 292
3 412
3 568
3 621
3 655
3 787
3 796
3 1126
3 1131
3 1164
3 1340
3 1361
3 1364
3 1477
3 1851
3 2400
3 2468
3 2761
3 2885
3 2983
3 2996
3 3310
3 3474
3 3506
3 3630
3 3747
3 3761
3 3766
3 3859
3 4453
3 4739
3 4857
4 81
4 477
4 917
4 1501
4 1746
4 1864
4 2684
4 2724
4 3329
4 3612
4 4922
5 11
5 591
5 717
5 871
5 875
5 1051
5 1544
5 2264
5 3018
5 3450
5 4117
5 4158
5 4271
5 4835
5 4888
6 9
6 15
6 17
6 20
6 22
6 26
6 48
6 49
6 71
6 74
6 91
6 100
6 104
6 111
6 124
6 136
6 160
6 179
6 203
6 204
6 223
6 269
6 306
6 308
6 323
6 353
6 371
6 392
6 396
6 398
6 433
6 491
6 492
6 498
6 528
6 533
6 558
6 630
6 678
6 685
6 687
6 692
6 705
6 718
6 749
6 755
6 838
6 839
6 865
6 883
6 899
6 955
6 957
6 1057
6 1150
6 1155
6 1200
6 1274
6 1338
6 1356
6 1384
6 1423
6 1508
6 1583
6 1596
6 1600
6 1628
6 1656
6 1660
6 1743
6 1799
6 1923
6 1934
6 1958
6 2023
6 2085
6 2108
6 2114
6 2132
6 2152
6 2185
6 2257
6 2285
6 2294
6 2301
6 2322
6 2328
6 2361
6 2419
6 2427
6 2524
6 2525
6 2553
6 2704
6 2748
6 2855
6 2867
6 2959
6 2968
6 2993
6 3108
6 3189
6 3209
6 3261
6 3302
6 3305
6 3322
6 3361
6 3384
6 3402
6 3412
6 3417
6 3437
6 3443
6 3492
6 3501
6 3608
6 3719
6 3777
6 3803
6 3805
6 3831
6 4139
6 4167
6 4194
6 4203
6 4222
6 4297
6 4330
6 4334
6 4369
6 4376
6 4422
6 4457
6 4491
6 4621
6 4629
6 4636
6 4645
6 4659
6 4754
6 4808
6 4822
6 4936
6 4979
7 2341
7 2614
8 10
8 228
8 393
8 769
8 844
8 1919
8 4076
8 4241
9 27
9 29
9 34
9 507
9 512
9 708
9 1078
9 2549
9 2749
9 2789
9 4182
10 180
10 941
10 948
10 1547
10 1728
10 1909
10 2209
10 2220
10 2403
10 4373
10 4463
11 13
11 89
11 188
11 257
11 438
11 467
11 634
11 1060
11 1132
11 1331
11 1374
11 2873
11 4031
11 4762
11 4931
12 47
12 93
12 304
12 455
12 610
12 1249
12 1580
12 3606
12 3660
13 38
13 54
13 117
13 126
13 206
13 274
13 295
13 544
13 806
13 958
13 1062
13 1836
13 2350
13 3359
13 3673
14 33
14 174
14 457
14 697
14 1284
14 1587
14 2557
14 3176
14 4019
15 23
15 98
15 226
15 253
15 350
15 866
15 1043
15 1894
15 2219
15 2472
15 2509
15 2550
15 2710
15 4199
15 4809
15 4843
16 44
16 68
16 101
16 366
16 626
16 660
16 1106
16 1251
16 1447
16 1714
16 1874
16 2303
16 3086
16 3561
16 4602
17 19
17 317
17 400
17 841
17 997
17 1198
17 1290
17 2368
17 4058
17 4634
18 361
18 2187
18 2705
18 2801
18 3834
19 28
20 763
20 816
20 877
20 953
20 2486
20 4037
21 134
21 153
21 425
21 479
21 535
21 555
21 611
21 613
21 1790
21 2402
21 3134
21 3220
21 3358
21 4336
22 36
22 37
22 41
22 52
22 58
22 63
22 106
22 108
22 192
22 217
22 390
22 428
22 494
22 523
22 616
22 657
22 702
22 761
22 799
22 989
22 1008
22 1219
22 1235
22 1250
22 1298
22 1424
22 1616
22 1657
22 1796
22 1861
22 2238
22 2260
22 2282
22 2677
22 2782
22 2858
22 3204
22 3338
22 3677
22 4074
22 4137
22 4287
22 4590
22 4731
22 4744
22 4790
22 4916
23 60
23 122
23 200
23 205
23 365
23 713
23 840
23 960
23 1085
23 1390
23 1460
23 2349
23 3651
23 3748
23 4420
23 4441
23 4937
24 53
24 99
24 1214
24 1242
25 42
25 45
25 78
25 102
25 137
25 234
25 235
25 313
25 414
25 971
25 973
25 1019
25 1092
25 1347
25 1574
25 2035
25 2765
25 2882
25 2974
25 3746
25 3904
25 4043
25 4469
26 449
26 1489
26 4079
27 67
27 92
27 143
27 189
27 441
27 1037
27 1044
27 1054
27 1202
27 1742
27 2398
27 2615
27 3444
27 3825
27 4370
27 4472
28 43
28 56
28 168
28 2448
28 2811
28 3821
28 4068
28 4992
29 39
29 69
29 125
29 158
29 164
29 211
29 221
29 511
29 578
29 693
29 738
29 777
29 815
29 929
29 1254
29 1326
29 1348
29 1798
29 1835
29 1881
29 1906
29 2049
29 2084
29 2256
29 2778
29 3059
29 3130
29 3649
29 3710
29 4375
30 220
31 1412
32 57
32 345
33 268
33 465
33 925
33 984
33 1135
33 2242
33 3502
33 3896
33 4887
34 70
34 86
34 336
34 368
34 384
34 422
34 487
34 519
34 576
34 653
34 1281
34 1334
34 1478
34 1850
34 1992
34 1997
34 2608
34 2732
34 3351
34 3796
34 3815
34 3942
34 4612
34 4689
34 4951
35 51
35 127
35 150
35 196
35 334
35 383
35 410
35 424
35 462
35 565
35 684
35 939
35 1269
35 1309
35 1935
35 2121
35 2381
35 2506
35 2703
35 2887
35 3098
35 3233
35 3246
35 3387
35 3493
35 3495
35 3637
35 4175
38 2055
38 2573
39 73
39 324
39 629
39 1258
39 1582
39 3398
39 4141
40 66
40 116
40 147
40 195
40 354
40 486
40 603
40 1141
40 1158
40 1343
40 1899
40 2044
40 2215
40 2222
40 2367
40 2702
40 2949
40 4036
40 4232
40 4520
41 165
41 231
41 248
41 303
41 541
41 756
41 770
41 1611
41 1741
41 1905
41 2009
41 2025
41 2097
41 2590
41 2686
41 4233
42 77
42 183
42 194
42 547
42 587
42 1177
42 1895
42 1969
42 2069
42 3031
42 3508
42 4341
43 673
43 990
43 1190
43 1294
43 2339
43 2582
43 3013
43 3054
43 3331
44 171
44 2142
44 2929
45 133
45 753
45 1896
46 72
46 461
46 2504
46 3270
46 3689
46 3804
47 159
47 778
47 810
47 1363
47 1579
47 1918
47 2908
47 3832
47 4089
48 191
48 237
48 273
48 311
48 338
48 370
48 454
48 474
48 485
48 975
48 987
48 1095
48 1125
48 1569
48 2002
48 2273
48 2323
48 2394
48 3208
48 3962
48 4810
48 4884
48 4953
49 182
49 1353
49 1795
49 1809
49 2073
49 2342
49 2649
49 3002
49 3206
49 4438
50 120
50 233
50 582
50 645
50 1800
50 1957
50 2218
50 2785
50 3379
50 3639
50 3661
52 95
52 105
52 114
52 121
52 210
52 301
52 601
52 659
52 1074
52 1375
52 1388
52 3257
52 3317
52 4877
53 1557
53 3423
54 139
54 496
54 590
54 775
54 1996
54 2010
54 2250
54 2353
54 3521
54 3885
55 146
55 1668
55 2839
55 3963
56 97
56 218
56 222
56 421
56 536
56 847
56 1059
56 1066
56 1165
56 1304
56 1470
56 1654
56 2151
56 2158
56 2229
56 2365
56 2687
56 3177
56 4275
57 267
57 1098
57 2826
57 3442
58 129
58 552
58 1042
58 1921
59 215
59 1855
59 2048
59 4816
60 3429
61 64
61 76
61 186
61 198
61 264
61 286
61 364
61 408
61 873
61 907
61 994
61 1040
61 1448
61 1581
61 1591
61 1939
61 2523
61 2602
61 3248
61 3279
61 3633
61 3648
61 4255
61 4299
61 4580
62 734
62 1286
62 1482
62 2026
62 2144
62 3027
62 3906
63 1027
64 135
64 790
64 1154
64 1182
64 3715
64 3905
64 4278
65 256
65 699
65 856
65 1518
65 2176
65 2622
66 80
66 110
66 680
66 843
66 1217
66 2137
66 2551
66 2662
66 3822
66 3881
66 4122
66 4361
66 4865
67 94
67 118
67 418
67 560
67 1272
67 3137
67 4352
67 4777
68 245
68 1064
68 1642
68 4778
70 880
72 187
72 212
72 386
72 694
72 827
72 1107
72 1253
72 1419
72 1532
72 1933
72 2366
73 119
73 297
73 377
73 887
73 3074
73 4204
74 258
74 725
75 84
75 201
75 339
75 489
75 1371
75 1859
76 1528
76 3823
76 4296
76 4614
77 385
77 1080
77 1682
77 2133
78 242
79 272
80 514
80 618
80 668
80 1358
80 3738
81 90
81 247
81 305
81 344
81 493
81 2104
81 3200
81 3419
83 246
84 193
84 337
84 561
84 633
84 1157
85 216
85 241
85 312
85 459
85 1823
85 3489
85 4712
86 112
86 113
86 128
86 202
86 373
86 399
86 559
86 700
86 895
86 1210
86 1443
86 1488
86 1687
86 1852
86 2043
86 2783
86 3188
86 4631
86 4734
87 103
87 401
87 446
87 1201
87 1406
87 2203
87 4176
87 4325
87 4578
87 4763
87 4886
89 1100
90 132
90 1592
90 1801
90 2275
90 3484
91 115
91 820
92 123
92 270
92 855
92 1241
92 1276
92 1568
92 1805
92 1879
92 2046
92 2247
92 2715
92 3120
92 3295
92 3439
93 499
93 534
93 3782
94 464
94 2045
94 2580
94 2584
94 2990
95 583
95 836
95 947
95 1012
95 1137
95 1549
95 1748
95 2315
95 2612
95 2982
95 4428
95 4703
95 4764
95 4920
96 277
96 472
96 520
96 1001
96 4251
96 4364
99 1897
99 3944
100 466
101 184
101 1025
101 1400
101 2337
101 2409
101 2636
101 3173
101 4011
102 140
102 145
102 156
102 176
102 227
102 236
102 252
102 788
102 819
102 1058
102 2000
102 2199
102 4000
102 4879
102 4908
103 152
103 208
103 329
103 388
103 808
103 876
103 1022
103 1077
103 1325
103 1458
103 2333
103 2666
103 2925
103 2999
103 3895
103 4095
103 4134
103 4348
103 4701
103 4775
104 1820
105 516
106 141
106 442
106 1194
106 1425
108 250
108 2018
108 2071
108 2984
108 3424
108 4468
109 525
109 2371
109 3260
110 209
110 440
110 1763
111 213
111 249
111 299
111 302
111 564
111 586
111 807
111 1094
111 1096
111 1496
111 1624
111 1846
111 1911
111 2150
111 2386
111 2453
111 2829
111 3122
111 3590
111 3774
111 4596
111 4726
112 443
112 1174
112 4106
112 4903
113 163
113 214
113 405
113 652
113 1160
113 1208
113 1724
113 1916
113 2693
113 2960
113 3247
113 3523
113 4257
113 4304
113 4715
115 2483
115 2729
115 4159
115 4207
116 255
116 765
116 968
116 1030
116 1140
116 1264
116 1711
116 1756
116 2052
116 2469
116 2682
116 3172
116 3308
116 4660
116 4815
118 162
118 181
118 322
118 432
118 1192
118 1197
118 2648
118 3091
118 3666
118 3854
119 2542
120 232
120 316
120 1292
120 1415
120 2407
120 3393
121 529
121 596
121 991
121 1438
121 4328
122 416
122 909
122 1028
122 1055
122 1213
122 1222
122 2240
122 2355
122 2779
122 3170
122 3933
123 175
123 287
123 375
123 439
123 550
123 556
123 589
123 805
123 952
123 1035
123 1327
123 2042
123 3077
123 3993
123 4184
123 4210
125 2979
125 4545
126 280
126 298
126 676
126 726
126 828
126 1244
126 1393
126 1442
126 1465
126 1614
126 1755
126 2128
126 2935
126 3241
126 3929
127 239
128 444
128 483
128 905
128 2201
128 2916
129 266
129 341
129 1619
129 2241
129 3082
129 3245
129 4281
130 481
130 3075
131 542
131 2619
131 4385
132 290
133 1770
133 4661
134 172
134 251
134 283
134 321
134 527
134 648
134 1610
134 1779
134 2922
134 3300
134 3726
134 4045
135 355
135 646
135 1090
135 2112
136 833
136 882
136 1039
136 2485
137 173
137 224
137 358
137 628
137 758
137 1142
137 1362
137 1418
137 1444
137 1690
137 1840
137 2091
137 2182
137 3118
137 3600
137 3769
137 4061
137 4716
138 148
139 276
140 4530
140 4968
141 244
141 567
141 1751
141 2146
141 2592
141 3294
141 3664
141 4855
142 3244
142 4881
143 167
143 169
143 3046
144 315
146 238
146 243
146 260
146 314
146 379
146 420
146 623
146 637
146 696
146 715
146 732
146 742
146 1314
146 1321
146 1524
146 2667
146 3304
147 154
147 170
147 230
147 330
147 612
147 879
147 1413
147 1638
147 2292
147 4859
148 622
149 155
149 2895
149 3079
150 3776
150 4170
152 1260
152 1673
152 1785
152 1875
152 2331
152 3215
153 166
153 178
153 986
153 3372
153 4264
154 281
154 447
154 1355
154 2904
154 3945
155 309
155 453
155 470
155 663
155 2376
155 2537
155 2800
155 3413
155 3524
155 4429
156 328
156 2074
157 259
157 2499
157 2928
157 3396
158 275
158 352
158 639
158 1104
158 4867
159 463
159 1068
159 1072
159 3366
159 4305
160 624
160 2314
161 1571
162 229
162 608
163 566
163 4477
164 822
164 2163
164 2399
164 3556
164 3565
165 185
165 667
165 890
165 3611
165 4190
165 4975
166 190
167 2598
167 3886
167 3919
167 4131
168 437
168 488
168 1866
168 2837
168 3066
170 431
170 782
170 1786
170 3478
172 1468
172 3084
173 1395
173 2030
173 3297
174 482
174 1567
174 1707
174 2594
174 2718
174 4322
175 817
175 2897
175 3022
176 197
176 296
176 300
176 881
176 897
176 999
176 1397
176 1595
176 1667
176 1698
176 2898
176 3810
176 4794
178 451
178 970
178 1176
178 3343
178 3349
178 3849
178 4292
178 4838
179 515
179 662
179 1403
179 1717
179 3238
179 3240
180 825
180 1429
180 4427
181 2017
182 360
182 376
182 413
182 690
182 1224
182 1650
182 3680
182 4405
184 3659
185 730
185 1463
185 1924
185 1953
185 2326
185 2476
185 2741
185 3406
185 4641
185 4644
186 1119
186 1817
186 4708
187 282
187 617
187 998
187 4664
189 1017
189 1551
189 3391
191 4901
192 1056
192 1762
193 744
193 1172
193 1661
193 2131
193 2433
193 2770
193 3269
193 3527
193 4326
194 240
194 450
194 1420
194 4517
194 4791
195 378
195 538
195 859
195 1640
195 2954
195 3607
196 394
196 1989
196 3375
197 831
198 3403
199 554
199 762
199 3191
199 4173
202 207
202 1139
202 1970
202 2369
202 4083
203 327
203 3879
204 291
204 867
204 1445
204 2377
204 4651
205 1550
205 1984
205 2625
205 3314
205 4171
205 4499
205 4805
206 349
206 884
206 2918
206 3571
206 4926
208 343
208 569
208 1081
208 1681
208 1931
208 2401
208 3367
208 4166
208 4290
209 389
209 2093
211 469
211 701
211 1394
211 4350
212 262
212 748
212 1802
213 261
213 340
213 632
213 864
213 1783
213 1943
213 2408
214 307
214 448
214 721
214 1849
214 2087
214 3312
214 3480
214 4239
214 4501
214 4998
215 735
215 3129
216 2501
216 2627
216 4486
217 1048
217 2262
217 3425
218 1009
218 1985
219 588
219 829
219 1368
219 3876
219 4940
220 553
220 824
220 928
220 1015
220 2439
220 4465
221 289
221 658
221 1948
221 1960
221 2211
221 3997
222 348
222 1026
222 1316
222 1494
222 1538
222 1613
222 1626
222 2153
222 2462
222 2474
222 3784
222 4617
222 4732
224 404
224 1229
224 1311
225 766
225 3897
226 537
226 3946
226 4224
227 395
229 263
229 783
229 1399
229 1519
229 2079
229 2140
229 3369
229 4591
230 342
230 2130
231 572
233 331
233 2068
234 387
234 850
234 4579
235 271
235 602
235 1082
235 1262
235 2006
235 2374
235 2513
235 3062
235 3460
235 3819
236 792
236 1430
236 2975
236 3023
236 3159
236 3296
236 4357
237 814
238 1629
239 4351
242 294
242 575
242 1646
242 2271
242 2442
242 3455
242 3935
242 4424
243 776
244 874
244 3566
245 2931
246 254
246 1032
246 1127
247 285
248 409
248 813
248 910
248 1839
248 3049
248 3701
250 1677
250 1767
250 2591
250 3870
250 4811
252 335
252 1689
252 3983
253 359
253 508
253 581
253 1301
253 1540
253 1559
253 1617
253 2325
253 2757
253 4126
253 4200
253 4284
254 326
254 332
254 362
254 363
254 423
254 445
254 503
254 675
254 1432
254 1807
254 3007
254 3072
254 4267
255 1472
255 1780
256 846
256 979
256 4048
257 643
257 2206
257 2388
257 4103
257 4508
258 417
258 740
259 3101
259 3286
259 3820
260 966
261 1116
261 1529
261 2740
261 4274
262 641
262 901
262 985
263 1387
263 2991
264 747
264 768
264 949
264 972
264 1075
264 1302
264 1381
264 1386
264 1431
264 2489
264 2815
264 3799
264 4459
265 2589
265 2716
266 983
266 2311
268 577
269 510
269 579
269 1152
269 1688
269 2618
269 2846
269 3537
269 4086
271 736
271 1189
273 781
273 935
273 1349
273 3348
273 3862
273 4128
274 752
274 1034
274 1271
274 2056
274 2092
274 2117
274 4120
274 4616
275 391
276 1016
276 4770
277 406
277 2735
280 4342
281 585
281 688
281 800
281 2481
281 3321
283 1455
283 4870
286 1819
286 4238
286 4359
287 1706
287 3863
288 677
288 2027
288 2521
289 950
289 4646
290 532
291 382
291 650
292 318
292 325
292 426
292 476
292 1050
292 1123
292 1937
292 2487
292 2691
292 4885
293 2913
294 737
294 918
294 932
294 1237
294 1439
294 1665
294 2194
294 2224
294 2577
294 3264
294 3438
294 4897
295 1313
296 2659
298 1407
298 4736
299 460
299 619
299 906
299 1115
299 2094
299 4253
299 4750
301 860
301 1631
301 1764
301 3779
302 475
302 779
302 1247
302 1345
302 1434
302 3982
303 402
303 4374
304 500
304 1238
304 1776
304 1815
304 3551
304 3652
304 4502
304 4788
305 811
306 351
306 356
306 484
306 942
306 3991
307 2156
307 4269
308 592
309 921
310 551
310 1625
310 1862
310 2263
310 3146
310 3826
310 4256
311 319
311 381
311 943
311 1031
311 1485
311 4186
312 501
312 1079
312 2058
312 2688
313 1672
313 2248
313 3411
314 1940
315 615
316 1492
316 4390
317 357
317 509
317 1357
317 1750
317 1777
317 2274
317 3619
317 4718
318 557
318 1047
318 1122
318 1138
318 1699
318 3700
319 2175
319 2595
320 598
320 1084
320 2610
321 1929
322 1577
325 429
325 977
326 415
326 2287
326 2767
326 3712
327 397
327 419
327 1995
327 3647
327 4055
327 4574
327 4910
328 1336
328 2739
328 3228
329 2611
330 2675
330 2950
330 4443
331 333
331 374
331 664
331 1240
331 1433
331 1758
331 2040
331 2109
331 4289
332 1723
333 936
333 1263
333 3057
334 372
334 1459
335 605
335 2290
337 1505
338 720
338 1191
338 1421
338 2828
338 4205
339 1277
339 3035
340 380
340 750
341 900
342 506
342 672
342 988
342 1522
343 434
343 599
343 2107
343 3092
343 3307
344 2321
345 2526
346 3522
346 4485
347 1623
347 4230
348 1622
349 1736
349 2235
349 2493
349 3992
349 4567
350 903
350 1757
350 2777
350 4564
351 403
351 604
351 727
351 801
351 898
351 1002
351 1173
351 2037
351 2111
351 3011
351 4606
352 793
352 2251
352 2763
352 3604
352 3775
352 4124
353 651
353 711
353 1552
353 1877
353 2103
353 2896
353 3107
353 3583
354 1223
354 3520
355 2167
355 4097
355 4847
357 522
358 4873
359 849
359 1553
360 2065
361 704
361 3447
362 1954
362 3500
362 4419
363 2239
363 2639
364 435
364 1493
364 4795
365 4442
366 518
366 2713
367 1259
367 1913
367 3313
368 1020
370 549
373 1512
373 1548
373 2032
373 4806
375 2635
376 505
376 1563
376 1808
376 3705
376 4056
378 4935
380 1129
380 2295
380 3196
382 1320
382 1966
383 436
383 473
383 1324
383 2536
383 3102
383 3216
383 3580
385 2609
385 2912
385 3767
385 4111
385 4206
385 4507
387 2245
387 3097
387 3981
388 1560
390 411
390 2973
390 3292
390 3628
391 4016
393 607
393 821
393 938
393 1618
394 3974
396 789
396 1205
396 1283
396 3791
397 471
397 548
397 743
397 745
397 795
397 1329
397 1884
397 2136
397 2387
397 2516
397 2798
397 2864
397 3364
397 3416
397 3482
397 3568
397 3692
397 3987
397 4132
397 4482
397 4906
399 2267
399 3577
401 468
401 2417
401 4100
401 4853
402 2865
404 2436
405 540
405 1288
405 3114
405 4020
405 4181
405 4479
406 452
406 1503
406 3920
407 627
408 1305
408 1778
408 2008
408 2744
408 4581
409 606
410 1196
411 724
411 785
411 974
411 1011
411 2312
411 2946
411 3801
411 4721
412 3869
412 4549
413 823
413 1456
413 2657
413 3239
416 574
416 1275
416 1380
416 2852
417 2599
417 2607
417 2672
417 3014
418 1904
419 597
419 922
419 3581
419 4379
420 490
421 2139
421 4118
421 4250
422 430
422 689
422 774
422 1870
422 1930
423 964
423 1021
423 1128
423 1317
423 2385
423 3915
423 4015
424 3284
425 3426
426 2291
428 649
428 1737
428 1944
428 3622
428 4563
433 580
433 600
433 4665
434 497
434 1612
434 2086
434 2771
436 1319
437 543
437 3686
437 4513
438 584
438 593
438 670
438 716
438 951
438 1556
438 2246
438 3344
438 3972
438 4223
438 4448
439 1004
439 1788
439 3380
440 1754
440 3224
440 4402
441 2851
442 862
442 1590
443 526
443 563
443 595
443 3071
443 4033
443 4990
444 1282
444 2567
444 2695
445 712
447 1291
447 1414
447 4675
448 3828
450 709
450 1063
450 1542
450 1694
450 1704
451 695
451 771
451 3812
453 3103
454 609
454 1143
455 4728
456 478
456 1053
456 3755
456 4201
456 4783
456 4892
457 759
457 1114
457 1784
457 2179
457 3410
458 3626
460 1186
461 1510
461 2033
464 842
464 1382
464 2830
464 3397
464 3845
464 3850
468 1093
468 3301
468 3394
468 4398
468 4938
469 656
469 965
469 1466
469 3848
470 1453
473 1033
473 3449
474 644
474 772
474 2430
474 2920
475 2157
475 4386
476 1964
477 1013
477 3374
477 4066
478 2927
478 3395
478 4509
479 937
479 967
480 502
480 3549
481 714
481 746
481 2948
481 4851
482 1351
485 530
485 531
485 1121
487 729
487 1889
487 4874
489 1287
489 3470
489 3545
489 4760
492 666
492 1713
493 1279
493 1377
493 1585
493 1876
494 504
494 731
494 818
494 1007
494 2124
494 2380
494 2656
494 4798
498 4339
498 4748
498 4893
499 2919
499 3752
499 4751
500 1151
500 1498
500 2348
500 2664
500 2808
500 3466
500 4032
500 4773
501 916
501 1826
501 2169
502 3328
503 620
503 631
503 978
503 1872
503 3721
503 3940
504 1226
504 1243
504 2297
504 3468
505 786
505 913
505 1188
505 2816
506 3758
507 539
507 780
507 914
507 1038
507 1124
507 1144
507 1318
507 1417
507 1545
507 1901
507 2259
507 2393
507 2441
507 2491
507 3736
507 3866
507 4506
508 1014
508 1181
508 1232
508 1833
508 2196
508 2760
508 2986
508 3000
509 1643
509 4552
511 2119
513 1952
513 1967
513 2969
515 4378
517 2363
517 3646
517 4308
518 2039
518 3255
519 524
519 892
519 1218
519 1239
519 1983
519 3538
519 3616
519 3725
519 3798
519 3908
519 4288
519 4826
519 4970
520 683
520 791
520 845
520 2458
520 2548
520 2755
522 638
522 647
522 1111
522 1261
522 1307
522 1674
522 2392
522 4104
522 4658
525 3485
526 1354
526 3039
527 636
528 686
528 923
528 1467
528 1515
529 2383
530 2503
530 3996
531 3564
532 1693
533 902
533 1109
533 3021
533 4932
536 1554
537 614
537 904
537 1207
538 858
538 995
538 2834
538 2951
538 3227
538 3711
538 4883
539 2106
539 2141
539 3635
540 853
540 993
540 1441
540 2277
540 2810
540 3768
541 868
541 1405
541 4858
542 4038
544 1209
544 2605
544 4116
546 3096
548 654
548 2877
549 1046
552 671
552 2382
552 4153
553 2423
553 3518
554 2090
554 4196
555 562
555 1156
555 2190
555 4515
556 1227
556 2118
556 4217
556 4218
558 3334
559 706
559 722
559 1178
559 1322
559 1994
559 4655
562 851
562 1166
562 1490
562 2022
562 3400
563 1973
563 2872
563 4710
565 2938
565 4085
567 754
567 802
567 1089
567 1977
567 2505
568 830
569 3332
570 891
570 2881
570 3020
571 4107
574 4123
575 625
575 661
575 728
575 893
575 1915
576 1469
576 3679
579 710
579 1018
579 4237
579 4417
580 594
580 3012
580 4569
580 4771
581 703
581 934
581 1475
581 1715
581 2165
581 2663
581 3185
581 3917
581 4473
581 4525
581 4584
582 1543
582 1941
582 2529
582 2952
583 4842
584 1248
588 739
588 2449
589 741
590 798
590 946
590 1070
590 2541
590 2645
590 3456
593 826
593 1118
593 1841
593 2082
593 3235
593 4221
593 4662
594 2647
595 1088
595 2279
596 674
596 1323
596 1636
596 2721
596 4034
597 635
597 834
597 1692
597 2122
597 4845
600 1315
600 3207
601 3865
602 1662
602 2854
602 4025
603 1760
603 2031
603 3104
603 4046
603 4157
604 2616
605 1435
605 2494
607 764
607 2791
607 3510
608 832
608 1003
608 2432
610 969
610 1103
610 1149
610 1167
610 1792
610 3210
611 2270
611 3149
613 669
613 1531
615 924
615 926
615 3038
616 1534
617 4146
618 681
618 4812
619 1883
619 2019
619 2254
620 963
620 2899
620 3462
621 1457
621 2310
621 4057
621 4211
622 1703
622 1998
622 2714
622 3218
622 3299
625 2429
626 940
626 3597
627 4707
628 691
628 1725
628 2793
629 2620
630 3546
631 863
631 1180
631 1300
631 1451
631 1487
631 1566
631 1752
631 2860
631 2958
631 3613
631 3706
631 4691
632 1719
632 2116
632 2518
632 2792
632 3827
632 3967
633 1971
634 1546
638 1471
638 3267
640 812
640 1199
641 1502
642 959
642 1083
642 1346
642 3498
645 1837
646 4583
647 1097
649 2057
649 3753
651 757
652 896
652 945
652 2467
653 1495
653 3884
653 4007
653 4012
655 3214
655 3526
656 2690
657 996
657 2159
657 3448
657 3662
657 3961
657 4396
657 4997
658 2154
658 4476
659 1246
659 1645
659 1697
659 1718
659 3276
659 3658
659 3954
659 4392
659 4434
659 4558
659 4699
659 4804
660 872
662 1041
662 1664
662 4613
662 4668
663 2665
663 3388
664 1949
664 1955
664 2593
665 1573
665 3377
667 915
667 1810
667 1848
667 3684
669 1410
669 2171
669 2183
669 4214
669 4380
670 1535
671 751
671 1206
671 1404
672 1006
672 2629
672 2842
672 2995
674 1330
674 1589
674 2213
676 1110
676 1134
676 1564
676 1605
676 3813
677 1637
679 4081
680 1700
680 3531
680 4456
681 1169
681 1608
681 2099
682 723
682 2089
683 804
683 3728
684 719
685 1029
685 1507
685 4053
688 3734
688 4367
689 3112
689 3346
691 1844
691 3087
691 4393
692 1411
694 4119
699 3519
700 1297
700 3064
701 1858
701 2804
701 3165
702 1541
703 911
703 4566
704 1481
705 1215
705 1359
705 1980
707 794
707 1491
707 2014
707 2583
707 2818
707 4266
710 1285
710 2202
712 4902
713 2424
713 4093
715 4907
717 1204
717 1266
717 3009
717 3069
718 2416
719 1383
720 1504
721 1350
721 2923
722 1185
722 1947
723 784
724 1228
724 1255
724 1951
724 2520
724 4518
724 4827
727 894
727 1634
727 4620
728 857
728 1076
728 2515
728 3183
728 4354
731 919
731 3162
731 4010
733 4127
739 760
739 1436
739 2338
739 2568
739 3589
739 4277
740 1912
742 1530
743 1562
743 2286
743 2327
746 3121
746 4276
747 2939
747 3357
748 1153
748 2024
748 2461
748 2859
748 4377
751 773
751 4925
753 803
754 1256
754 1635
755 1225
755 2562
755 4962
757 976
757 1341
757 2195
757 2874
757 3040
757 4526
758 1379
758 1446
759 3254
760 1392
761 835
761 3461
763 962
763 2168
763 2936
763 3105
763 4711
765 861
766 1024
766 1555
766 1659
766 2269
766 3019
766 3151
767 1360
767 1630
770 1293
770 1464
770 3675
771 931
771 1658
771 1675
772 797
772 1845
772 1987
772 4511
773 1175
773 1265
773 2230
774 2884
774 3217
776 3959
777 1961
777 1993
778 3153
778 3325
778 3591
778 3936
779 1071
781 927
781 1794
781 1843
781 2232
783 1366
783 1593
783 1607
783 1615
783 2126
783 3415
784 2775
787 1184
787 2725
790 1892
790 3980
791 3341
792 1479
792 4423
793 878
793 3609
793 3717
793 4041
794 944
794 3816
795 1049
795 1268
795 1695
795 2689
795 3733
798 1087
798 1337
798 1594
798 2556
798 2574
798 2814
798 3060
798 3175
798 4152
798 4519
798 4672
798 4978
799 888
799 1148
799 1868
799 2083
799 2149
799 2434
800 1712
802 2278
802 3499
803 1847
803 3421
805 3143
806 1537
807 3265
808 2415
808 3958
810 3621
811 885
811 1352
813 1620
813 4604
816 1220
817 2634
817 3496
818 1527
820 3898
821 992
821 1372
821 1710
823 4235
824 2078
824 2495
827 1903
828 954
828 1332
828 2728
828 2832
828 2932
828 3147
828 4458
831 1146
831 2480
831 2587
833 4071
834 848
834 3037
834 3115
834 3742
837 886
837 1099
837 1473
837 2555
837 4197
838 961
838 1570
838 2668
838 3089
838 3723
839 4216
841 1257
842 2226
842 2654
845 981
845 1644
847 2258
849 2404
850 1233
850 2601
851 1922
852 1988
852 2850
852 2876
854 1597
854 1649
854 2522
854 2907
854 3263
854 4133
855 869
855 1091
855 3760
858 2554
859 1509
859 2125
859 4575
861 1511
861 1679
861 2188
861 3995
861 4259
861 4280
863 912
863 2205
863 2540
863 3043
865 2479
868 1474
873 1523
873 1738
873 2332
873 2888
873 3203
874 2184
875 1086
875 3290
877 1437
877 2707
878 1108
878 1653
879 3618
879 4640
881 1023
881 3311
882 1333
882 1963
885 4527
886 1886
886 4766
887 956
887 4993
888 2200
888 3293
889 2234
890 1774
890 3949
891 1296
891 3624
893 1976
893 3088
894 1117
894 1402
894 4151
894 4894
895 1791
896 3342
897 1565
898 1676
898 1888
898 3154
899 1365
899 1461
899 4243
900 1526
901 1972
902 2378
903 1609
903 1701
903 2347
903 4187
904 920
904 1005
904 2316
905 908
905 1221
905 1731
907 930
907 1171
907 2191
907 2579
907 3271
907 3273
907 4876
908 1183
911 1408
911 1648
911 1666
911 2600
915 1335
915 1370
915 1744
915 2473
915 2953
915 3557
917 1536
919 2463
919 3737
920 3971
921 2766
922 2970
925 1061
926 3913
927 1295
928 2799
929 982
930 2683
930 2862
930 3100
930 3181
931 1195
932 1486
932 1797
932 1818
932 2063
932 3718
932 3924
932 4678
932 4797
933 2354
933 4825
935 1856
935 1893
936 980
936 1602
937 1342
937 1539
937 2041
938 3950
938 4449
941 3145
941 3790
942 1709
942 3032
943 1234
943 1740
944 1212
944 1520
944 4471
946 2460
948 3090
950 2288
950 2389
950 2678
951 1827
952 1280
954 3512
955 3681
955 4394
958 1036
958 2902
958 3953
958 4656
959 4912
961 1426
961 2214
961 3192
961 3199
962 2050
962 2225
962 3409
963 2937
964 1691
964 2563
965 1170
965 3414
966 1705
966 2193
969 1161
969 1506
969 1670
969 2570
969 3925
970 1162
971 3584
971 4301
972 2717
977 1722
977 1812
977 1865
977 2824
977 4755
978 4244
979 1052
980 4136
982 4189
983 1168
983 1339
983 1452
983 1828
983 3787
984 1720
988 4742
989 2305
990 1113
990 1601
990 4779
991 3160
992 1369
994 1267
995 1422
995 1822
995 3201
996 2016
996 3473
998 3127
998 4418
1002 2892
1002 3990
1003 3830
1004 2547
1005 2581
1006 2300
1008 1112
1010 1367
1011 2003
1011 2390
1011 3024
1011 3932
1012 4407
1018 1145
1018 1236
1018 1831
1018 2511
1018 2709
1022 1598
1022 3315
1023 1069
1023 1588
1023 1669
1023 2445
1023 2787
1023 4562
1025 3306
1029 2266
1030 4980
1033 1216
1033 3298
1034 1830
1034 3756
1035 1517
1035 1928
1036 1159
1037 3229
1038 3320
1042 4949
1046 1749
1047 3433
1049 2641
1049 3047
1050 2519
1050 4300
1051 1499
1051 2720
1051 4946
1052 1832
1052 2736
1052 3335
1053 1130
1059 3370
1061 2070
1061 3432
1061 3903
1061 4542
1062 1147
1062 2080
1065 3281
1068 1273
1069 1811
1069 1978
1069 2426
1069 2552
1069 4002
1072 1102
1072 2566
1072 2692
1072 3198
1072 4747
1073 1101
1073 3454
1075 3068
1075 3911
1075 4600
1075 4954
1077 2038
1077 4365
1083 2759
1084 3833
1086 2358
1086 2820
1086 4635
1089 2585
1089 3878
1090 3853
1091 1733
1091 2397
1091 2632
1091 3678
1093 1428
1093 1678
1093 1927
1093 2466
1093 3386
1094 1245
1095 3178
1098 1773
1098 2806
1098 4410
1102 1120
1103 2197
1105 1745
1107 3051
1110 1885
1110 2221
1110 4161
1111 1684
1111 1816
1111 2420
1111 3792
1111 3994
1113 4837
1115 2178
1116 4571
1117 2370
1118 1133
1119 1450
1120 2750
1120 4934
1121 1497
1121 4355
1123 1825
1124 1136
1125 1462
1125 2075
1125 2359
1125 4178
1125 4757
1125 4786
1125 4939
1127 1730
1128 2344
1128 4163
1131 3180
1135 3058
1136 2478
1141 1289
1141 2956
1142 1303
1142 2680
1143 4942
1147 1558
1147 4850
1149 2451
1151 2823
1151 2905
1151 4077
1151 4618
1151 4844
1152 1578
1156 2172
1157 3262
1157 3272
1157 4452
1157 4861
1161 2753
1161 4965
1162 1203
1162 2569
1164 2921
1165 3585
1165 4316
1166 2809
1166 3516
1166 4110
1167 4087
1170 4972
1171 1968
1172 4828
1173 1344
1173 1860
1173 2351
1173 2706
1173 3353
1174 4586
1175 2276
1176 1401
1176 1734
1176 1842
1176 4959
1179 1476
1180 1310
1180 2105
1181 1938
1181 2623
1183 2624
1184 1193
1184 1739
1184 1771
1184 1787
1184 1824
1184 2076
1184 3745
1184 3873
1184 4556
1186 1299
1186 4029
1187 2891
1187 2941
1187 3236
1191 3603
1191 4414
1192 2773
1193 2162
1197 1278
1197 3579
1197 3968
1197 4090
1200 3061
1202 1391
1202 1803
1202 2879
1202 3596
1204 2329
1205 2588
1206 4890
1207 1484
1207 3858
1208 1231
1208 1627
1208 2034
1209 3231
1210 2533
1210 3634
1210 4969
1212 3383
1212 3385
1213 1416
1215 4035
1215 4372
1217 1991
1217 2255
1217 2396
1217 2758
1217 3842
1217 4523
1220 3135
1221 4841
1224 4072
1224 4409
1225 2066
1225 2268
1228 1483
1230 2113
1231 4009
1232 3754
1233 2072
1233 4283
1234 3251
1238 3888
1239 2192
1239 2456
1240 1306
1240 1761
1240 1838
1241 3491
1242 3627
1242 4215
1244 3977
1245 1398
1246 3656
1251 3650
1253 4329
1254 2231
1254 2560
1254 3277
1260 1910
1260 2747
1260 3053
1260 4188
1261 3339
1261 4108
1261 4917
1262 4915
1265 2578
1265 4080
1269 1702
1269 2127
1269 3976
1271 3690
1274 1599
1274 2700
1274 3985
1276 2538
1278 1328
1278 2772
1278 4140
1280 4454
1281 4531
1283 3164
1285 2660
1285 3732
1287 2653
1288 2844
1290 1869
1290 2011
1290 2848
1293 1500
1293 1561
1294 1829
1294 2298
1294 4368
1294 4488
1295 1781
1296 1772
1297 3010
1297 3783
1298 3382
1299 3744
1302 2334
1302 2694
1303 1834
1305 4702
1308 1584
1308 1882
1308 2177
1308 3601
1308 4568
1309 3109
1313 1449
1313 2166
1313 2742
1314 2788
1314 2994
1315 1480
1315 2289
1315 2774
1315 3965
1315 4649
1317 2148
1318 4551
1319 3041
1320 1606
1320 2143
1320 4799
1325 1514
1325 1516
1325 3814
1328 2797
1330 2508
1333 4960
1335 2186
1335 4004
1336 3625
1338 1696
1338 2596
1343 4349
1344 4067
1346 3148
1348 3599
1348 4430
1352 4006
1360 3124
1360 3352
1364 2863
1365 3280
1368 1376
1368 1685
1369 1880
1369 2945
1371 3497
1371 4042
1371 4324
1374 1716
1374 3645
1374 3685
1376 3514
1379 2207
1379 3431
1381 1902
1381 1920
1381 2236
1381 2470
1385 3513
1386 2299
1387 3212
1388 4610
1393 1726
1396 4183
1397 1900
1397 2088
1397 4987
1400 3316
1403 3610
1404 1525
1405 2012
1408 1782
1409 4191
1409 4249
1410 4704
1413 1513
1414 1950
1415 4303
1416 2454
1416 2655
1417 3515
1418 3441
1418 4209
1419 4023
1426 3605
1427 2283
1431 1932
1431 3592
1431 4615
1436 2216
1436 3553
1438 4337
1439 1814
1439 4713
1439 4819
1442 3371
1444 4252
1445 2833
1455 3195
1455 4391
1459 1641
1459 3528
1459 4481
1460 1708
1460 1898
1460 2878
1461 3113
1462 4813
1469 3892
1470 4185
1472 1936
1472 2372
1473 1959
1475 1857
1475 3669
1476 1908
1476 3136
1476 3984
1477 2795
1477 3028
1477 3923
1478 3205
1481 3048
1481 4145
1482 1804
1482 4220
1482 4963
1484 4054
1485 1647
1485 1789
1485 2261
1485 2496
1486 1981
1486 3015
1487 2013
1488 2081
1492 2670
1492 3509
1493 3390
1493 3476
1494 2309
1494 4848
1495 4928
1496 3451
1498 2964
1498 4060
1500 1632
1500 3140
1501 2095
1505 2096
1505 3907
1506 3099
1507 2947
1507 3213
1513 1768
1513 2170
1514 3763
1514 4147
1517 2233
1517 4824
1517 4899
1519 2047
1519 3324
1519 4698
1524 2001
1526 4439
1529 2869
1529 3243
1532 3036
1532 4480
1533 1683
1533 2737
1533 3070
1536 4444
1538 2138
1540 3794
1542 2281
1546 1806
1548 3323
1549 1853
1551 2155
1552 3900
1554 3841
1557 2101
1557 3714
1559 1727
1559 2853
1559 3119
1562 2613
1564 2915
1566 2004
1566 2318
1566 2488
1566 3780
1566 4174
1566 4273
1566 4496
1570 2459
1572 2471
1572 2901
1574 3533
1575 1663
1575 3927
1575 4639
1577 4240
1578 1732
1579 3428
1579 4401
1580 3955
1580 4504
1581 4989
1582 3152
1586 2539
1586 4363
1587 4565
1597 2253
1597 2418
1600 2861
1602 1671
1604 4988
1605 4677
1607 3347
1608 1721
1608 3467
1609 2411
1614 1867
1615 1621
1615 1873
1615 2147
1619 1639
1621 3131
1622 2794
1624 2840
1631 2212
1631 4155
1632 4522
1634 2340
1634 2477
1635 3806
1637 3083
1637 3640
1637 4637
1637 4880
1637 4958
1640 3078
1640 3576
1640 4540
1640 4866
1642 4177
1644 3222
1646 4022
1648 4625
1649 2517
1649 3960
1651 3319
1652 1854
1653 3891
1654 3998
1655 2173
1655 4254
1656 3355
1661 1871
1663 2100
1663 2731
1663 3360
1664 1686
1664 1747
1665 1729
1665 2110
1665 3914
1666 4319
1672 1925
1672 4765
1673 3005
1674 2123
1674 2375
1674 2752
1674 2843
1674 4740
1675 3250
1681 2243
1685 1759
1685 2817
1685 2845
1688 2306
1688 4560
1688 4952
1689 1878
1689 4129
1696 3852
1697 2535
1697 3751
1698 1793
1698 3138
1699 2330
1699 3085
1699 3221
1704 2413
1704 3939
1707 2364
1712 1946
1712 4321
1714 2633
1714 4003
1715 4956
1719 1753
1719 2120
1719 3957
1723 2180
1723 3602
1723 4918
1726 3937
1727 2021
1727 3934
1730 1975
1730 3952
1742 2204
1744 3169
1744 3345
1744 4695
1744 4878
1745 2698
1745 3697
1745 4749
1746 2490
1746 3555
1752 3573
1758 2077
1758 2961
1760 2917
1760 3340
1760 3632
1762 1962
1764 3026
1769 3487
1770 3759
1772 3158
1773 3453
1773 3811
1774 1999
1774 2115
1774 2512
1774 4723
1777 4735
1792 2586
1792 3901
1794 2821
1797 2308
1797 2362
1797 2475
1798 4416
1798 4493
1799 4955
1803 2565
1803 2640
1804 2561
1804 3481
1806 2272
1806 2293
1806 4521
1806 4709
1807 1917
1810 2015
1812 3389
1812 4027
1818 4070
1820 2007
1820 2955
1821 3326
1823 2061
1828 1926
1828 2346
1828 3055
1828 3503
1832 2302
1832 4078
1833 3643
1834 4900
1836 1887
1836 1907
1837 2060
1837 3951
1837 4544
1838 2866
1840 3781
1841 2571
1841 3789
1845 1942
1847 4310
1850 2944
1851 2320
1853 3926
1854 3713
1854 4403
1857 2446
1858 2819
1858 3642
1859 2642
1859 2857
1859 3844
1861 3463
1862 3350
1863 2028
1863 2532
1864 2020
1864 2926
1865 4335
1868 2743
1868 3253
1869 2307
1869 3875
1869 4142
1870 2722
1871 4846
1872 3445
1873 2406
1874 2217
1874 2447
1878 2572
1878 4144
1880 2237
1880 2421
1880 4594
1881 2304
1881 4436
1882 3595
1885 2893
1888 4905
1891 2894
1892 3156
1893 4534
1896 2059
1896 3570
1896 4245
1897 2965
1899 2036
1899 3572
1900 1956
1900 2534
1900 4309
1903 3065
1903 3890
1910 2345
1910 4882
1913 1945
1913 4098
1915 2223
1915 2712
1915 3256
1915 3989
1915 4829
1922 3223
1923 3128
1924 4719
1926 2189
1926 2343
1928 1982
1930 3543
1931 3479
1931 4018
1931 4462
1931 4478
1932 4040
1933 3373
1938 2324
1939 2631
1940 2051
1940 4869
1943 2444
1943 3894
1943 4091
1943 4633
1944 1990
1952 2930
1956 2129
1956 3973
1960 3186
1961 4154
1963 2029
1963 2465
1963 2796
1968 2198
1969 2319
1970 3179
1971 2054
1972 3073
1972 3757
1975 2781
1979 4148
1984 2628
1985 3252
1986 2317
1986 2638
1986 2780
1986 3695
1989 2530
1989 4268
1993 2673
1993 4533
1994 2135
1996 2102
1997 4684
1998 2507
1999 3703
2000 3667
2000 4929
2002 4891
2003 2098
2004 4957
2005 2906
2006 3614
2006 4653
2011 4948
2017 3150
2018 4101
2019 3167
2019 3704
2020 2164
2021 2890
2023 3168
2029 2160
2030 2227
2031 3979
2033 3459
2040 4051
2041 2452
2048 4291
2051 2265
2054 2492
2059 2145
2059 3544
2062 3749
2063 4435
2064 4725
2075 4425
2076 3665
2076 3699
2077 2972
2077 3125
2077 4961
2080 4967
2081 4426
2083 2650
2083 2790
2083 3465
2083 3851
2083 4307
2085 2335
2087 2676
2092 2880
2092 2911
2093 2210
2093 2484
2093 3197
2094 3709
2097 4582
2099 2685
2099 3116
2104 4999
2105 3494
2108 3017
2110 3729
2114 4619
2118 2726
2118 3123
2118 4208
2121 2379
2121 2651
2121 2998
2121 3318
2121 3620
2121 4039
2122 2228
2124 2870
2124 4561
2125 3550
2128 2643
2130 2249
2130 2711
2131 3434
2136 2943
2137 3641
2139 2500
2143 2497
2143 3739
2144 2174
2144 2395
2144 3029
2145 4776
2146 3232
2146 3354
2147 4500
2153 2699
2153 4049
2155 3230
2160 4270
2163 2208
2164 3381
2164 4028
2164 4632
2164 4756
2167 4787
2168 4974
2171 3190
2173 3727
2174 3392
2181 4769
2182 3839
2182 3986
2183 2630
2186 3902
2186 4285
2189 4570
2189 4924
2191 2464
2192 2621
2192 2838
2194 3930
2195 3559
2200 3184
2202 2679
2204 3916
2205 2313
2207 2498
2208 2438
2208 3795
2209 3076
2213 3631
2215 2886
2217 2681
2219 2597
2222 3003
2226 2440
2226 2762
2231 2545
2233 2576
2236 2428
2236 2963
2238 2674
2238 2924
2238 3587
2239 3615
2247 4573
2248 4094
2251 3864
2254 4293
2259 3219
2260 2708
2260 3287
2260 3430
2260 4156
2260 4346
2264 3363
2266 2768
2268 3288
2273 2564
2277 4400
2280 2510
2284 4075
2286 2875
2286 3653
2286 3802
2286 4758
2287 4609
2289 2431
2289 2604
2289 4817
2290 3772
2291 3282
2292 4543
2294 2831
2297 2658
2298 2450
2298 3724
2302 2847
2309 2769
2310 2558
2311 4105
2311 4780
2312 2422
2313 2425
2314 2546
2314 2646
2315 2764
2316 2803
2316 3505
2318 4356
2321 2813
2321 3840
2322 2391
2322 2784
2323 2502
2328 2544
2334 2836
2336 4231
2341 4421
2342 3910
2351 2962
2352 4860
2353 2528
2355 2575
2355 3594
2361 3788
2362 2617
2365 2514
2369 3867
2378 3837
2381 2805
2381 4461
2381 4743
2382 2909
2384 2531
2384 2807
2385 2745
2385 4839
2388 3517
2392 4914
2393 2437
2393 3702
2396 4466
2398 2988
2398 4431
2401 3193
2401 4347
2401 4676
2403 4389
2405 2696
2407 4455
2409 2652
2409 3094
2411 3529
2411 4647
2413 3004
2415 3909
2417 2637
2420 4318
2423 2976
2425 2559
2430 3617
2432 4643
2434 3586
2440 3562
2443 3793
2447 3001
2449 3530
2461 2606
2461 4911
2462 3693
2462 4168
2466 2734
2466 3025
2467 3117
2467 3436
2467 3638
2475 2756
2475 4670
2477 2626
2477 4298
2478 3418
2481 3838
2484 3033
2486 2661
2486 3540
2487 3202
2488 3847
2499 3457
2500 3226
2501 3093
2501 4384
2504 3446
2506 4050
2508 4854
2514 3258
2514 3458
2518 4169
2520 4796
2523 3006
2525 2701
2526 3740
2528 2910
2537 3435
2542 4730
2543 4115
2549 2776
2549 4537
2550 2719
2550 3730
2555 4470
2555 4546
2561 4671
2566 4738
2568 2822
2569 3034
2569 3050
2572 2733
2574 3278
2577 3166
2581 3490
2584 2671
2585 3056
2587 4831
2589 3735
2589 3874
2590 3731
2591 2669
2593 4484
2595 3211
2595 3824
2595 3836
2597 3856
2597 4768
2599 4494
2599 4700
2600 2738
2600 4312
2603 2849
2603 4630
2607 2786
2607 4362
2608 4406
2614 3676
2616 3081
2617 3593
2617 3629
2622 4433
2624 2723
2628 4263
2632 3687
2632 4202
2634 2835
2634 3194
2641 4492
2644 3548
2650 3440
2651 4017
2655 3818
2659 3285
2660 3275
2661 2977
2661 4784
2665 4872
2670 4503
2673 3110
2676 4125
2681 3563
2681 3969
2681 4464
2681 4638
2683 4474
2685 4547
2692 2827
2697 2730
2697 3052
2701 3242
2702 2934
2703 4052
2704 2980
2705 4030
2711 2940
2711 4121
2711 4150
2718 4535
2725 3067
2725 4192
2725 4415
2731 3582
2732 3486
2732 3720
2736 3237
2737 3144
2739 3722
2746 3291
2760 3889
2762 3552
2762 4069
2769 2868
2772 2985
2772 3330
2772 4650
2776 4258
2789 3808
2789 3809
2790 3356
2791 2967
2792 4198
2794 3750
2796 3525
2796 4686
2798 4180
2800 4950
2805 3030
2805 3899
2808 3042
2810 4024
2811 4696
2814 3401
2815 4714
2816 4674
2819 4327
2829 2971
2830 3132
2831 3337
2833 2856
2835 4102
2838 2841
2840 3541
2840 4529
2840 4985
2841 4814
2843 3569
2843 4099
2843 4599
2846 4595
2847 2957
2847 3452
2848 4088
2852 3477
2852 3547
2853 3918
2853 4059
2855 2933
2861 4260
2869 3507
2880 4234
2884 2981
2884 4495
2891 2903
2898 3654
2907 3532
2908 3126
2909 3542
2911 3560
2914 4353
2916 3857
2917 3303
2917 3846
2921 3225
2926 3268
2929 3511
2929 4451
2929 4483
2929 4898
2932 4781
2933 3688
2934 3636
2937 4314
2942 3365
2942 3741
2943 4514
2944 3931
2945 3404
2945 3534
2945 4340
2947 4333
2955 4323
2959 4741
2961 3922
2969 2978
2969 4512
2973 3871
2975 3063
2981 3141
2983 3161
2986 3786
2989 4065
2991 3139
2991 4727
2996 3266
2996 3309
3002 4553
3004 3405
3004 4165
3004 4834
3006 3598
3009 4598
3012 4387
3015 3407
3016 4306
3030 4555
3030 4792
3035 3536
3035 4973
3040 3797
3046 3708
3047 3567
3048 3080
3048 4311
3053 4073
3053 4607
3057 3488
3062 3475
3062 3694
3063 3174
3063 3970
3065 4317
3071 3155
3075 4693
3077 4510
3082 3575
3083 3817
3083 4219
3088 4236
3093 4282
3095 4862
3100 4008
3104 3142
3105 4840
3106 3333
3107 3765
3111 4044
3133 3947
3141 3399
3147 3670
3158 4489
3160 3843
3161 3770
3166 4382
3184 3988
3186 3707
3192 4852
3194 4984
3203 4064
3213 3663
3214 3943
3217 4836
3218 3422
3220 4082
3226 4557
3233 4447
3233 4536
3239 3427
3241 4516
3243 4343
3245 4366
3246 4921
3247 4135
3251 4228
3253 3800
3266 4789
3279 3835
3281 4648
3283 3893
3284 4608
3290 4313
3294 4014
3294 4833
3300 4933
3307 4295
3309 3948
3321 4821
3321 4830
3323 4577
3324 4800
3333 3698
3334 3668
3339 3420
3341 4109
3356 4149
3361 4371
3366 4138
3367 4358
3370 3558
3372 4927
3383 3464
3384 4856
3389 4001
3389 4986
3398 4294
3399 4338
3404 4225
3406 3785
3407 3483
3409 3882
3409 4692
3411 4654
3411 4705
3424 4247
3434 4227
3438 3655
3438 4497
3447 4871
3449 4863
3453 4782
3470 3554
3481 3978
3481 4383
3483 3764
3487 4445
3490 4528
3491 3716
3493 4331
3500 4690
3510 3912
3512 4930
3527 3682
3530 3883
3539 4229
3539 4286
3542 4803
3549 3829
3555 4889
3557 4265
3564 4589
3569 3588
3571 4818
3574 3872
3574 4759
3575 3672
3580 4490
3592 4532
3592 4849
3594 4657
3599 4745
3601 4688
3604 4397
3606 3956
3621 3696
3621 4084
3621 4130
3622 4605
3625 4195
3625 4242
3628 3674
3637 4919
3655 4983
3662 4663
3666 4964
3674 4062
3678 3868
3688 3855
3696 3861
3703 4923
3709 4875
3712 4246
3717 4679
3731 3762
3732 4279
3732 4404
3735 4172
3761 4627
3763 4432
3766 4550
3770 4592
3775 4262
3796 4585
3800 4164
3801 3964
3806 4642
3813 4021
3820 4597
3841 4752
3849 4360
3851 4807
3855 4505
3862 3880
3870 4047
3876 4096
3878 4467
3881 4446
3893 4413
3897 4395
3898 4981
3904 4013
3907 4681
3916 4179
3917 3975
3920 3966
3920 4548
3922 4193
3924 4248
3924 4611
3938 4160
3940 4113
3944 4272
3975 4977
3984 4412
3993 4143
4002 4114
4013 4772
4028 4601
4031 4774
4034 4652
4059 4539
4067 4320
4070 4761
4086 4622
4106 4538
4118 4669
4135 4559
4151 4687
4177 4315
4192 4667
4207 4996
4222 4344
4223 4729
4237 4437
4271 4587
4281 4793
4313 4868
4326 4820
4348 4746
4384 4982
4387 4971
4388 4941
4392 4460
4394 4683
4414 4720
4429 4685
4472 4588
4474 4624
4481 4554
4510 4626
4548 4623
4562 4717
4583 4603
4583 4944
4585 4801
4611 4904
4615 4682
4635 4913
4667 4864
4721 4722
4828 4909
4928 4995
4932 4966
4933 4994
