0 1
0 39
1 2
1 3
1 16
1 27
1 45
1 58
1 78
1 104
1 218
1 242
1 258
1 343
1 349
1 373
1 398
1 409
1 429
1 463
1 469
3 4
3 5
3 7
3 9
3 11
3 13
3 20
3 23
3 29
3 32
3 34
3 37
3 38
3 40
3 46
3 51
3 64
3 77
3 81
3 93
3 98
3 99
3 106
3 120
3 130
3 137
3 156
3 170
3 171
3 192
3 204
3 210
3 238
3 244
3 262
3 298
3 306
3 314
3 329
3 341
3 345
3 356
3 380
3 431
3 434
3 436
3 475
3 478
3 490
4 48
4 74
4 132
4 142
4 188
4 317
4 359
5 6
5 12
5 18
5 199
5 233
5 256
5 323
5 358
5 360
5 363
6 8
6 24
6 25
6 35
6 47
6 50
6 54
6 148
6 164
6 313
6 404
6 417
6 422
6 457
7 10
7 17
7 19
7 82
7 125
7 128
7 161
7 167
7 203
7 295
7 312
7 397
8 15
8 88
8 102
8 225
9 14
9 21
9 22
9 36
9 117
9 129
9 140
9 230
9 248
9 383
9 411
10 26
10 28
10 41
10 80
10 103
10 119
10 166
10 201
10 257
12 55
12 101
12 121
12 302
13 60
13 112
13 195
13 220
13 249
13 402
15 139
15 269
15 388
15 473
16 193
16 215
18 66
18 322
19 33
19 234
19 372
20 30
20 43
21 71
21 85
21 94
21 108
21 175
21 277
21 324
21 368
21 428
21 456
22 69
22 72
23 53
23 67
23 90
23 150
23 189
23 301
23 410
24 198
25 52
25 247
25 285
25 290
25 370
26 427
27 151
27 278
27 472
28 118
28 176
28 186
28 229
28 263
28 326
28 459
29 31
29 172
29 415
29 426
30 207
30 303
30 348
30 441
31 205
32 68
32 131
32 145
32 437
34 44
34 75
34 187
34 196
34 209
34 241
34 354
34 447
34 485
35 49
35 174
37 178
38 42
38 482
39 56
39 158
39 374
40 89
40 97
40 133
40 394
41 141
41 173
41 246
41 433
41 446
42 63
43 76
43 255
43 318
44 70
44 87
44 265
44 386
44 414
45 59
45 227
46 159
46 261
47 73
47 138
47 219
47 253
47 440
48 65
48 185
49 135
49 149
50 57
50 61
50 251
51 116
53 62
53 168
54 452
55 79
55 270
56 147
57 236
57 420
59 86
59 292
61 84
61 113
61 184
62 268
63 115
63 468
64 96
64 252
64 272
64 293
64 395
65 136
65 378
66 83
67 183
68 200
72 91
72 123
73 122
73 197
73 221
73 267
73 273
73 320
75 92
76 331
76 432
77 127
78 430
79 245
80 223
80 325
80 455
83 107
83 399
84 333
85 165
85 486
88 105
88 111
88 163
88 169
88 179
88 190
88 208
88 231
88 237
88 279
88 282
88 294
88 297
88 327
88 338
88 435
88 465
88 466
88 477
88 483
89 95
92 157
93 100
93 191
93 304
96 361
98 458
100 124
100 126
102 110
102 194
103 235
103 296
103 392
106 224
108 109
108 114
108 144
108 181
108 271
108 390
108 424
109 134
111 202
111 212
112 152
112 250
112 275
112 315
112 400
113 445
115 146
118 340
121 160
122 143
123 180
124 213
124 375
124 451
125 239
126 274
127 153
128 154
128 214
128 481
130 226
130 307
131 352
135 479
136 403
137 367
138 438
140 217
140 339
140 385
140 418
141 155
141 182
142 336
142 351
143 309
144 444
149 332
151 412
155 379
155 408
155 416
156 305
157 254
157 381
159 405
161 162
162 206
167 284
171 177
171 211
171 276
171 299
171 319
171 342
171 350
171 362
171 387
172 357
173 216
175 222
175 344
181 259
181 454
184 266
188 280
193 289
196 321
196 489
197 232
197 494
197 495
205 240
206 497
207 228
207 260
207 310
207 476
216 287
220 365
220 467
227 243
227 264
227 353
227 493
228 286
232 346
234 462
235 413
235 480
237 425
238 347
246 396
247 300
248 474
248 484
252 283
252 308
257 281
259 442
261 471
262 366
265 355
267 337
267 443
268 330
269 291
272 311
272 439
272 496
274 498
275 377
278 419
279 376
279 384
280 389
283 423
283 470
286 288
291 393
291 488
293 316
295 407
304 487
310 371
310 461
310 491
314 334
314 391
316 328
321 335
321 369
322 449
332 406
342 364
342 382
357 499
358 450
381 401
385 464
401 421
412 460
431 492
438 448
438 453
