0 1
0 2
0 3
0 4
0 5
0 8
0 9
0 10
0 17
0 24
0 25
0 26
0 29
0 30
0 32
0 37
0 41
0 47
0 53
0 54
0 62
0 63
0 68
0 72
0 73
0 81
0 84
0 93
0 110
0 111
0 120
0 124
0 130
0 131
0 132
0 143
0 144
0 166
0 167
0 169
0 171
0 172
0 174
0 179
0 181
0 189
0 193
0 194
0 195
0 207
0 208
0 254
0 258
0 260
0 262
0 274
0 295
0 301
0 306
0 307
0 311
0 315
0 317
0 318
0 339
0 342
0 343
0 357
0 361
0 368
0 372
0 377
0 388
0 395
0 396
0 400
0 403
0 409
0 413
0 419
0 426
0 431
0 434
0 436
0 440
0 448
0 452
0 456
0 469
0 482
0 497
1 2
1 3
1 4
1 5
1 6
1 7
1 8
1 9
1 10
1 11
1 12
1 13
1 15
1 18
1 20
1 21
1 24
1 29
1 30
1 31
1 33
1 34
1 39
1 43
1 46
1 48
1 50
1 52
1 55
1 59
1 60
1 67
1 72
1 76
1 82
1 90
1 92
1 95
1 98
1 99
1 100
1 106
1 125
1 132
1 136
1 140
1 143
1 147
1 150
1 151
1 160
1 164
1 184
1 199
1 202
1 206
1 209
1 221
1 227
1 228
1 230
1 234
1 236
1 240
1 254
1 272
1 275
1 283
1 290
1 291
1 293
1 294
1 297
1 302
1 308
1 322
1 341
1 355
1 357
1 359
1 364
1 365
1 366
1 379
1 383
1 387
1 390
1 395
1 398
1 400
1 401
1 402
1 406
1 420
1 423
1 435
1 444
1 450
1 452
1 460
1 464
1 465
1 468
1 476
1 485
2 3
2 5
2 6
2 7
2 9
2 16
2 27
2 35
2 50
2 57
2 68
2 85
2 101
2 103
2 122
2 136
2 142
2 149
2 153
2 163
2 198
2 212
2 213
2 216
2 239
2 289
2 313
2 349
2 364
2 372
2 384
2 403
2 427
2 490
3 4
3 6
3 10
3 11
3 13
3 14
3 16
3 17
3 18
3 20
3 28
3 31
3 32
3 35
3 36
3 37
3 41
3 43
3 49
3 64
3 65
3 69
3 78
3 79
3 81
3 90
3 92
3 96
3 97
3 100
3 101
3 102
3 110
3 116
3 119
3 130
3 133
3 137
3 139
3 145
3 161
3 173
3 184
3 203
3 207
3 209
3 212
3 229
3 233
3 263
3 270
3 287
3 297
3 312
3 332
3 340
3 346
3 361
3 374
3 379
3 383
3 394
3 395
3 412
3 417
3 441
3 457
3 480
3 483
3 486
3 494
4 19
4 21
4 27
4 28
4 39
4 46
4 54
4 55
4 63
4 69
4 84
4 89
4 93
4 99
4 111
4 121
4 129
4 141
4 170
4 173
4 198
4 199
4 204
4 213
4 219
4 245
4 252
4 256
4 261
4 267
4 304
4 327
4 356
4 364
4 398
4 402
4 404
4 423
4 432
4 448
5 16
5 18
5 20
5 22
5 23
5 31
5 33
5 36
5 42
5 54
5 61
5 66
5 69
5 74
5 86
5 95
5 103
5 106
5 107
5 108
5 117
5 123
5 153
5 156
5 160
5 162
5 164
5 231
5 272
5 311
5 352
5 375
5 380
5 447
5 491
6 7
6 8
6 15
6 19
6 23
6 43
6 78
6 166
6 180
6 205
6 235
6 265
6 266
6 315
6 319
7 12
7 13
7 15
7 17
7 26
7 37
7 40
7 61
7 82
7 88
7 93
7 109
7 125
7 137
7 210
7 231
7 415
7 432
7 477
7 490
8 14
8 79
8 102
8 115
8 165
8 171
8 229
8 285
8 407
8 418
8 477
9 11
9 58
9 80
9 115
9 168
9 185
10 12
10 66
10 80
10 106
10 142
10 248
10 277
10 321
10 408
10 423
11 14
11 41
11 42
11 45
11 49
11 76
11 77
11 98
11 102
11 105
11 107
11 126
11 134
11 139
11 162
11 192
11 220
11 231
11 279
11 299
11 316
11 337
11 367
11 375
11 389
11 403
11 458
11 462
11 463
11 468
11 469
11 481
12 70
12 215
12 236
12 238
12 322
12 428
12 461
13 35
13 42
13 44
13 45
13 56
13 121
13 131
13 174
13 182
13 215
13 282
13 287
13 334
13 370
13 371
13 384
13 474
14 22
14 25
14 38
14 52
14 127
14 157
14 219
14 222
14 259
14 274
14 276
14 292
14 297
14 345
14 348
14 354
14 357
14 399
14 404
14 405
14 413
14 444
14 496
14 497
15 21
15 23
15 24
15 25
15 27
15 33
15 48
15 57
15 67
15 73
15 152
15 169
15 205
15 220
15 251
15 256
15 263
15 294
15 305
15 309
15 320
15 333
15 391
15 401
15 404
15 408
15 442
15 460
15 461
15 479
15 482
15 485
16 19
16 44
16 67
16 86
16 204
16 243
16 250
16 281
16 322
17 28
17 49
17 61
17 78
17 108
17 114
17 121
17 122
17 135
17 269
17 314
17 325
17 345
17 355
17 438
17 478
18 22
18 34
18 77
18 88
18 133
18 180
18 201
18 248
18 288
18 293
18 298
18 334
18 355
19 29
19 30
19 34
19 40
19 46
19 47
19 51
19 62
19 94
19 98
19 120
19 157
19 160
19 163
19 169
19 183
19 200
19 213
19 230
19 245
19 331
19 341
19 361
19 430
19 463
20 45
20 66
20 92
20 124
20 264
20 277
20 316
20 349
20 352
20 453
21 58
21 135
21 138
21 170
21 196
21 421
21 433
22 32
22 117
22 138
22 139
22 144
22 190
22 255
22 260
22 292
22 321
22 335
22 456
22 480
23 26
23 40
23 50
23 52
23 55
23 68
23 75
23 83
23 87
23 113
23 118
23 127
23 145
23 155
23 187
23 192
23 241
23 242
23 258
23 278
23 283
23 336
23 350
23 477
24 53
24 75
24 144
24 152
24 200
24 224
24 246
24 305
25 38
25 48
25 53
25 76
25 112
25 123
25 128
25 155
25 156
25 187
25 205
25 272
25 415
25 424
25 488
26 36
26 39
26 47
26 62
26 70
26 84
26 94
26 125
26 132
26 163
26 173
26 182
26 208
26 234
26 239
26 242
26 253
26 265
26 280
26 378
26 439
26 462
27 176
27 179
27 247
27 269
27 287
27 306
27 324
27 384
28 416
29 191
29 223
29 353
29 392
29 434
29 439
30 104
30 241
31 44
31 59
31 70
31 71
31 91
31 291
31 451
32 82
32 148
32 292
33 71
33 150
33 214
33 271
34 77
34 108
34 294
34 389
34 479
35 72
35 105
35 112
35 113
35 189
35 257
35 261
35 295
35 317
35 347
36 74
36 116
36 181
37 38
37 266
37 346
37 414
38 51
38 57
38 83
38 112
38 147
38 151
38 230
38 288
38 338
38 494
39 64
39 109
39 156
39 365
39 472
39 488
39 495
40 56
40 58
40 90
40 104
40 147
40 175
40 185
40 188
40 283
40 285
40 308
40 309
40 331
40 336
40 397
41 191
41 248
41 296
41 323
41 396
44 80
45 86
45 123
45 369
45 377
45 421
46 51
46 87
46 96
46 134
46 246
47 416
47 487
48 60
48 97
48 164
48 232
48 326
48 367
48 472
49 166
49 179
49 359
49 405
50 56
50 60
50 81
50 95
50 96
50 154
50 196
50 254
50 257
50 376
50 458
51 59
51 94
51 149
51 165
51 177
51 186
51 237
51 324
51 327
51 359
52 137
52 177
52 495
53 64
53 83
53 87
53 146
53 158
53 168
53 184
53 238
53 240
53 264
53 271
53 443
53 454
53 472
54 260
54 354
54 373
54 473
55 65
55 99
55 113
55 149
55 176
55 214
55 318
56 63
56 109
56 118
56 120
56 303
56 371
56 488
56 489
57 74
57 88
57 101
57 105
57 118
57 129
57 136
57 159
57 175
57 190
57 198
57 202
57 209
57 218
57 270
57 278
57 335
57 367
57 409
57 424
57 442
57 448
57 455
58 186
58 191
58 218
58 295
59 65
59 228
59 306
59 316
59 429
59 496
60 91
60 117
60 158
60 276
60 494
61 368
61 377
61 391
62 71
62 79
62 126
62 188
62 234
62 251
62 262
62 300
62 372
63 97
63 133
63 158
63 204
63 229
63 406
63 493
64 159
65 435
66 75
66 85
66 240
66 243
66 284
66 286
66 303
66 342
66 393
66 446
67 73
67 249
67 413
67 466
68 210
68 365
69 142
69 373
69 466
70 114
70 178
70 363
70 394
71 128
71 170
71 171
71 273
71 391
71 456
72 89
72 127
72 131
73 119
73 243
73 474
74 85
74 178
74 192
74 289
74 304
74 334
74 397
75 148
75 187
75 244
75 281
75 304
75 321
75 379
75 386
76 259
76 325
77 146
77 257
77 298
77 366
78 281
79 217
79 291
79 350
79 385
80 130
81 89
81 110
81 318
81 341
81 499
82 296
82 425
83 100
83 103
83 167
83 250
83 284
83 366
83 376
83 378
83 400
83 405
83 427
83 491
84 218
84 249
84 439
85 119
85 188
85 370
86 235
86 360
86 449
87 141
87 381
88 225
89 245
89 290
89 467
90 91
90 135
91 104
91 141
91 195
92 107
92 111
92 134
92 146
92 172
92 221
92 348
94 352
95 380
96 190
96 206
96 223
96 449
97 303
98 114
98 124
98 154
98 161
98 252
98 285
98 286
98 328
98 393
98 497
99 138
99 162
99 436
100 224
100 343
101 115
101 128
101 203
101 332
101 349
101 401
101 440
102 279
102 408
103 129
103 392
104 339
104 386
104 410
104 444
104 445
104 470
104 482
105 153
105 430
106 247
106 312
106 315
106 374
106 394
106 447
108 382
108 459
109 236
109 447
110 194
110 307
110 319
110 422
112 126
113 116
113 143
113 412
115 302
116 140
116 380
117 122
117 159
117 275
117 305
117 418
117 453
117 475
117 486
118 182
118 217
118 224
118 307
119 208
119 268
119 433
120 167
120 176
120 222
120 376
120 424
121 319
121 386
122 178
122 186
123 273
123 363
123 411
124 175
125 172
125 270
125 279
125 484
126 266
126 284
126 387
126 476
127 211
128 145
128 193
128 235
128 241
128 326
128 445
129 140
129 185
129 262
129 277
130 200
130 351
130 428
132 148
132 197
132 299
132 328
132 335
132 483
133 255
133 492
134 168
134 237
134 312
134 393
135 157
135 197
136 392
138 150
138 152
138 161
138 196
138 356
140 155
141 396
141 398
142 165
142 180
142 412
143 201
143 298
143 328
143 445
144 470
145 154
145 177
145 210
145 233
145 280
145 339
145 381
146 250
146 290
146 429
146 464
147 151
147 329
148 300
148 493
149 268
149 442
151 274
152 183
152 217
152 244
155 433
156 498
158 225
158 371
158 399
158 426
159 211
160 288
162 199
162 232
162 286
162 333
162 354
162 363
163 174
163 252
163 457
164 246
164 422
165 189
165 214
165 242
165 329
165 402
165 466
166 373
166 437
166 480
167 197
167 207
167 454
168 228
168 362
169 183
169 330
169 437
171 219
171 221
171 383
171 415
172 253
173 267
174 181
175 193
176 420
179 194
179 238
179 344
179 446
179 467
179 489
181 202
181 216
181 261
181 410
181 452
182 300
182 460
183 256
183 426
183 471
185 211
185 317
187 195
187 201
188 258
189 351
189 374
189 416
189 450
189 481
191 325
191 443
192 225
192 267
192 347
192 476
193 206
193 233
194 223
194 227
194 338
194 340
194 469
195 244
196 255
196 299
196 362
196 459
197 399
197 411
200 203
200 360
200 446
203 253
203 484
204 212
204 249
204 311
204 422
205 269
206 309
206 387
207 216
207 222
207 475
208 418
209 215
209 220
209 280
209 409
209 453
209 458
210 353
210 369
210 462
211 226
211 302
211 350
211 382
211 414
212 479
213 226
213 227
213 273
213 481
215 226
215 282
215 337
216 438
217 239
217 419
219 385
220 276
220 310
220 323
221 438
221 457
222 268
222 282
222 368
222 385
224 407
225 263
225 289
225 390
225 397
225 406
225 440
226 293
226 369
228 247
229 237
229 326
230 336
230 358
231 232
231 251
231 259
232 455
234 360
234 474
235 314
238 275
238 499
239 301
241 342
243 344
246 382
246 421
249 337
249 483
250 271
251 320
251 407
253 487
254 264
254 340
254 348
254 451
255 450
255 455
255 492
256 314
257 310
258 310
258 414
259 324
259 333
259 470
260 459
262 329
262 338
262 389
263 265
264 278
264 320
264 388
264 463
267 388
267 432
267 464
268 381
270 296
270 327
270 370
270 428
274 467
276 486
277 313
279 417
282 435
282 484
286 473
287 356
288 431
288 475
289 308
289 344
289 430
290 378
294 301
294 347
296 330
302 441
303 358
304 443
305 429
307 345
307 362
309 323
309 331
309 478
309 493
310 330
311 313
311 346
311 410
316 343
316 478
317 332
328 441
329 358
338 449
338 465
340 471
344 375
347 353
348 351
348 465
349 434
351 498
352 411
353 425
353 489
360 473
368 436
372 487
372 492
377 417
379 390
379 419
379 425
379 468
381 431
385 454
386 491
395 427
400 485
409 420
412 471
422 451
423 437
426 499
440 461
450 496
460 495
464 498
467 490
